<<<<<<< HEAD
4.55
5.06
5.62
6.11
6.59
7.08
7.59
8.13
8.57
9.08
9.59
10.00
10.56
11.05
11.56
12.03
12.54
13.05
13.59
14.09
14.58
15.07
15.58
16.07
16.53
17.06
17.58
18.06
18.55
19.09
19.60
20.04
20.52
21.06
21.52
22.06
22.54
23.08
23.52
24.10
24.59
25.08
25.63
26.12
26.63
27.10
27.61
28.09
28.61
29.12
29.60
30.09
30.60
31.09
31.58
32.13
32.62
32.85
33.09
33.34
33.62
33.85
34.09
34.34
34.57
34.83
35.32
35.55
35.78
36.06
36.34
36.57
36.83
37.06
37.31
37.57
37.80
38.08
38.33
38.57
38.80
39.08
39.33
39.59
39.84
40.12
40.38
40.59
40.82
41.10
41.33
41.56
41.79
42.05
42.33
42.56
42.84
43.05
43.35
43.61
43.86
44.14
44.35
44.58
44.85
45.09
45.35
45.56
45.81
46.09
46.35
46.58
46.86
47.09
47.32
47.60
47.83
48.06
48.30
48.62
49.09
49.55
50.08
50.57
51.08
51.55
52.08
52.61
53.08
53.59
54.10
54.63
55.12
55.63
56.14
56.61
57.11
57.61
58.09
58.63
59.14
59.60
60.16
60.65
61.14
61.60
62.09
62.62
63.11
63.62
64.13
64.62
64.87
65.13
65.36
65.62
65.85
66.12
66.36
66.59
66.85
67.10
67.34
67.59
67.85
68.08
68.36
68.59
68.85
69.12
69.36
69.63
69.89
70.12
70.40
70.63
70.87
71.14
71.42
71.68
71.91
72.12
72.37
72.63
72.86
73.12
73.37
73.61
73.86
74.09
74.35
74.64
74.88
75.11
75.35
75.58
75.81
76.04
76.30
76.53
76.81
77.07
77.32
77.58
77.85
78.09
78.34
78.62
78.88
79.11
79.34
79.57
79.83
80.11
80.36
80.62
81.13
81.64
82.13
82.61
83.12
83.66
84.12
84.61
85.17
85.66
86.19
86.63
87.12
87.63
88.19
88.68
88.88
89.14
89.37
89.63
89.86
90.10
90.32
90.60
90.86
91.11
91.35
91.58
91.83
92.07
92.34
92.62
92.85
93.11
93.41
93.64
93.88
94.13
94.39
94.62
94.90
95.18
95.39
95.66
95.90
96.11
96.38
96.64
97.15
97.64
98.17
98.66
99.15
99.64
100.15
100.66
101.12
101.66
102.12
102.65
103.14
103.74
104.26
104.67
105.16
105.60
106.11
106.62
107.11
107.60
108.11
108.60
109.13
109.64
110.15
110.64
111.13
111.66
112.17
112.66
113.15
113.64
114.15
114.66
115.12
115.63
116.14
116.68
117.19
117.68
118.19
118.63
119.12
119.63
120.12
120.72
121.16
121.65
122.18
122.69
123.18
123.62
124.16
124.69
125.18
125.71
126.18
126.66
127.15
127.66
128.17
128.68
128.94
129.10
129.31
129.59
129.82
130.10
130.36
130.66
130.94
131.19
131.45
131.70
131.98
132.21
132.47
132.70
132.96
133.19
133.44
133.68
133.93
134.94
134.42
134.67
134.93
135.18
135.44
135.70
135.95
136.16
136.44
136.72
136.95
137.18
137.46
137.67
137.90
138.18
138.39
138.64
138.92
139.16
139.41
139.69
139.92
140.20
140.41
140.66
140.92
141.18
141.41
141.64
141.87
142.13
142.38
142.66
142.92
143.20
143.43
143.71
143.94
144.24
144.43
144.66
145.15
145.66
146.17
146.68
147.19
147.68
148.21
148.70
149.16
149.65
150.16
150.67
151.21
151.69
151.23
152.74
153.20
153.69
154.20
154.71
155.22
155.73
156.22
156.71
157.20
157.71
158.15
158.66
159.17
159.75
160.24
160.73
161.21
161.68
162.19
162.68
163.19
163.70
164.21
164.74
165.23
165.72
166.23
166.72
167.21
167.67
168.18
168.71
169.25
169.76
170.25
170.71
171.22
171.71
172.20
172.69
173.20
173.71
174.24
174.73
175.24
175.70
176.24
176.75
177.00
177.19
177.45
177.68
177.91
178.16
178.44
178.72
178.94
178.21
179.47
179.70
=======
4.55
5.06
5.62
6.11
6.59
7.08
7.59
8.13
8.57
9.08
9.59
10.00
10.56
11.05
11.56
12.03
12.54
13.05
13.59
14.09
14.58
15.07
15.58
16.07
16.53
17.06
17.58
18.06
18.55
19.09
19.60
20.04
20.52
21.06
21.52
22.06
22.54
23.08
23.52
24.10
24.59
25.08
25.63
26.12
26.63
27.10
27.61
28.09
28.61
29.12
29.60
30.09
30.60
31.09
31.58
32.13
32.62
32.85
33.09
33.34
33.62
33.85
34.09
34.34
34.57
34.83
35.32
35.55
35.78
36.06
36.34
36.57
36.83
37.06
37.31
37.57
37.80
38.08
38.33
38.57
38.80
39.08
39.33
39.59
39.84
40.12
40.38
40.59
40.82
41.10
41.33
41.56
41.79
42.05
42.33
42.56
42.84
43.05
43.35
43.61
43.86
44.14
44.35
44.58
44.85
45.09
45.35
45.56
45.81
46.09
46.35
46.58
46.86
47.09
47.32
47.60
47.83
48.06
48.30
48.62
49.09
49.55
50.08
50.57
51.08
51.55
52.08
52.61
53.08
53.59
54.10
54.63
55.12
55.63
56.14
56.61
57.11
57.61
58.09
58.63
59.14
59.60
60.16
60.65
61.14
61.60
62.09
62.62
63.11
63.62
64.13
64.62
64.87
65.13
65.36
65.62
65.85
66.12
66.36
66.59
66.85
67.10
67.34
67.59
67.85
68.08
68.36
68.59
68.85
69.12
69.36
69.63
69.89
70.12
70.40
70.63
70.87
71.14
71.42
71.68
71.91
72.12
72.37
72.63
72.86
73.12
73.37
73.61
73.86
74.09
74.35
74.64
74.88
75.11
75.35
75.58
75.81
76.04
76.30
76.53
76.81
77.07
77.32
77.58
77.85
78.09
78.34
78.62
78.88
79.11
79.34
79.57
79.83
80.11
80.36
80.62
81.13
81.64
82.13
82.61
83.12
83.66
84.12
84.61
85.17
85.66
86.19
86.63
87.12
87.63
88.19
88.68
88.88
89.14
89.37
89.63
89.86
90.10
90.32
90.60
90.86
91.11
91.35
91.58
91.83
92.07
92.34
92.62
92.85
93.11
93.41
93.64
93.88
94.13
94.39
94.62
94.90
95.18
95.39
95.66
95.90
96.11
96.38
96.64
97.15
97.64
98.17
98.66
99.15
99.64
100.15
100.66
101.12
101.66
102.12
102.65
103.14
103.74
104.26
104.67
105.16
105.60
106.11
106.62
107.11
107.60
108.11
108.60
109.13
109.64
110.15
110.64
111.13
111.66
112.17
112.66
113.15
113.64
114.15
114.66
115.12
115.63
116.14
116.68
117.19
117.68
118.19
118.63
119.12
119.63
120.12
120.72
121.16
121.65
122.18
122.69
123.18
123.62
124.16
124.69
125.18
125.71
126.18
126.66
127.15
127.66
128.17
128.68
128.94
129.10
129.31
129.59
129.82
130.10
130.36
130.66
130.94
131.19
131.45
131.70
131.98
132.21
132.47
132.70
132.96
133.19
133.44
133.68
133.93
134.94
134.42
134.67
134.93
135.18
135.44
135.70
135.95
136.16
136.44
136.72
136.95
137.18
137.46
137.67
137.90
138.18
138.39
138.64
138.92
139.16
139.41
139.69
139.92
140.20
140.41
140.66
140.92
141.18
141.41
141.64
141.87
142.13
142.38
142.66
142.92
143.20
143.43
143.71
143.94
144.24
144.43
144.66
145.15
145.66
146.17
146.68
147.19
147.68
148.21
148.70
149.16
149.65
150.16
150.67
151.21
151.69
151.23
152.74
153.20
153.69
154.20
154.71
155.22
155.73
156.22
156.71
157.20
157.71
158.15
158.66
159.17
159.75
160.24
160.73
161.21
161.68
162.19
162.68
163.19
163.70
164.21
164.74
165.23
165.72
166.23
166.72
167.21
167.67
168.18
168.71
169.25
169.76
170.25
170.71
171.22
171.71
172.20
172.69
173.20
173.71
174.24
174.73
175.24
175.70
176.24
176.75
177.00
177.19
177.45
177.68
177.91
178.16
178.44
178.72
178.94
178.21
179.47
179.70
>>>>>>> refs/remotes/origin/master
179.93